222222222222222222222222222 
222222222222222222222222222     												  	
222222222222222222222222222															
222222222222222222222222222													
222222222222222222222222222
222222222222222222222222222
222222222222222222222222222
222222222222222222222222222
222222222222222222222222222
222222222222222222222222222
222222222222222222222222222
222222222222222222222222222
222222222222222222222222222
222222222222222222222222222
222222222222222222222222222
222222222222222222222222222
222222222222222222222222222
222222222222222222222222222
222222222222222z22222222222
222222222222222222222222222